  nose               -2.461178     -1.480207      4.222726
  left_eye           -2.339081     -1.513158      4.347036
  right_eye          -2.474304     -1.355397      4.353636
  left_ear           -1.999574     -1.419629      4.371094
  right_ear          -2.328889     -1.034796      4.374015
  left_shoulder      -1.485795     -1.605868      4.009742
  right_shoulder     -2.344539     -0.526644      4.162876
  left_elbow         -0.896146     -1.364839      3.052916
  right_elbow        -1.707721      0.271681      4.425607
  left_wrist         -1.626168     -1.810748      3.167690
  right_wrist        -1.523762      0.825259      3.852051
  left_hip           -0.912950     -0.798226      2.679116
  right_hip          -1.607666     -0.080401      2.889357
  left_knee          -0.937184     -0.519141      1.235607
  right_knee         -2.214930     -0.893801      1.711728
  left_ankle         -0.203711      0.126414      0.541626
  right_ankle        -1.478966     -0.164789      1.049240
